Chi2                      =      1786.83
NDf                       =           12
p0                        =     -7941.07   +/-   3682.12     
p1                        =      211.871   +/-   59.0845     
p2                        =    -0.957226   +/-   0.236091    

