Chi2                      =      1684.66
NDf                       =           11
p0                        =      -615328   +/-   60205.5     
p1                        =      14866.5   +/-   1451.08     
p2                        =     -118.482   +/-   11.6299     
p3                        =     0.313291   +/-   0.0309959   
